0.0	0.15433621406555176	0.21532201766967773	0.27543401718139648	0.33541202545166016	0.45889902114868164	0.52888607978820801	0.65749001502990723	0.73031020164489746	0.80047512054443359	0.93104004859924316	1.0530221462249756	1.1130352020263672	1.2353081703186035	1.3057541847229004	1.4342210292816162	1.5565311908721924	1.6267690658569336	1.7515511512756348	1.8202140331268311	1.9440791606903076	2.0122940540313721
0.0	0.0	0.0	0.0	0.0	0.0	0.0	0.0	0.0	0.0	5.7600000000000007	5.7600000000000007	5.7600000000000007	5.7600000000000007	5.7600000000000007	5.7600000000000007	5.7600000000000007	5.2256250000000009	0.0	0.0	0.0	0.0
0.0	0.0	0.0	0.0	0.0	0.0	0.0	0.0	0.0	0.0	5.7600000000000007	5.7600000000000007	5.7600000000000007	5.7600000000000007	5.7600000000000007	5.7600000000000007	5.7600000000000007	5.2256250000000009	0.0	0.0	0.0	0.0
0.0
0.0
0.0
0.0
0.0
0.0
0.0
0.0
0.0
